Player

^_^
image end.
Player
1
9 0
400 400
400 400
200 0
40 40
0
5
Item
empty

image end.
NULL
0 0 0 0 0 0 0

Item
empty

image end.
NULL
0 0 0 0 0 0 0

Item
empty

image end.
NULL
0 0 0 0 0 0 0

Item
empty

image end.
NULL
0 0 0 0 0 0 0

Item
empty

image end.
NULL
0 0 0 0 0 0 0

100
0 0

128
0
0
0 0

script end.

0
-1 -1 -1 1

1
0
1 0

script end.

1
Monster
Slime
>_<
image end.
Slime
0
10 0
10 10
10 10
10 0
10 10

2 3 0 4

2
0
1 1

script end.

1
NPC
Chris
>_>
image end.
Shop
10
0 0
0 0
0 0
0 0
0 0
Hello, I'm Chris.
I sell the following items: 

script end.

3
Item
Rusty Sword

image end.
Weapon
0 0 0 10 0 3 50

Item
Rusty Sticks

image end.
Weapon
0 0 0 5 0 3 25

Item
Old Shoes

image end.
Boots
0 0 0 0 10 3 50


-1 1 -1 -1

3
0
1 -1

script end.

3
Item
chest

image end.
Chest
0 0 0 0 0 100 0

Item
chest

image end.
Chest
0 0 0 0 0 100 0

Item
chest

image end.
Chest
0 0 0 0 0 100 0

1 -1 -1 -1

4
1
2 0

script end.

1
Monster
Boss
~_~
image end.
Boss
10
20 0
1000 1000
1000 1000
600 0
100 100

-1 -1 1 -1

0
0
16777215 16777215

script end.

0
-1 -1 -1 -1

0
0
16777215 16777215

script end.

0
-1 -1 -1 -1

0
0
16777215 16777215

script end.

0
-1 -1 -1 -1

0
0
16777215 16777215

script end.

0
-1 -1 -1 -1

0
0
16777215 16777215

script end.

0
-1 -1 -1 -1

0
0
16777215 16777215

script end.

0
-1 -1 -1 -1

0
0
16777215 16777215

script end.

0
-1 -1 -1 -1

0
0
16777215 16777215

script end.

0
-1 -1 -1 -1

0
0
16777215 16777215

script end.

0
-1 -1 -1 -1

0
0
16777215 16777215

script end.

0
-1 -1 -1 -1

0
0
16777215 16777215

script end.

0
-1 -1 -1 -1

0
0
16777215 16777215

script end.

0
-1 -1 -1 -1

0
0
16777215 16777215

script end.

0
-1 -1 -1 -1

0
0
16777215 16777215

script end.

0
-1 -1 -1 -1

0
0
16777215 16777215

script end.

0
-1 -1 -1 -1

0
0
16777215 16777215

script end.

0
-1 -1 -1 -1

0
0
16777215 16777215

script end.

0
-1 -1 -1 -1

0
0
16777215 16777215

script end.

0
-1 -1 -1 -1

0
0
16777215 16777215

script end.

0
-1 -1 -1 -1

0
0
16777215 16777215

script end.

0
-1 -1 -1 -1

0
0
16777215 16777215

script end.

0
-1 -1 -1 -1

0
0
16777215 16777215

script end.

0
-1 -1 -1 -1

0
0
16777215 16777215

script end.

0
-1 -1 -1 -1

0
0
16777215 16777215

script end.

0
-1 -1 -1 -1

0
0
16777215 16777215

script end.

0
-1 -1 -1 -1

0
0
16777215 16777215

script end.

0
-1 -1 -1 -1

0
0
16777215 16777215

script end.

0
-1 -1 -1 -1

0
0
16777215 16777215

script end.

0
-1 -1 -1 -1

0
0
16777215 16777215

script end.

0
-1 -1 -1 -1

0
0
16777215 16777215

script end.

0
-1 -1 -1 -1

0
0
16777215 16777215

script end.

0
-1 -1 -1 -1

0
0
16777215 16777215

script end.

0
-1 -1 -1 -1

0
0
16777215 16777215

script end.

0
-1 -1 -1 -1

0
0
16777215 16777215

script end.

0
-1 -1 -1 -1

0
0
16777215 16777215

script end.

0
-1 -1 -1 -1

0
0
16777215 16777215

script end.

0
-1 -1 -1 -1

0
0
16777215 16777215

script end.

0
-1 -1 -1 -1

0
0
16777215 16777215

script end.

0
-1 -1 -1 -1

0
0
16777215 16777215

script end.

0
-1 -1 -1 -1

0
0
16777215 16777215

script end.

0
-1 -1 -1 -1

0
0
16777215 16777215

script end.

0
-1 -1 -1 -1

0
0
16777215 16777215

script end.

0
-1 -1 -1 -1

0
0
16777215 16777215

script end.

0
-1 -1 -1 -1

0
0
16777215 16777215

script end.

0
-1 -1 -1 -1

0
0
16777215 16777215

script end.

0
-1 -1 -1 -1

0
0
16777215 16777215

script end.

0
-1 -1 -1 -1

0
0
16777215 16777215

script end.

0
-1 -1 -1 -1

0
0
16777215 16777215

script end.

0
-1 -1 -1 -1

0
0
16777215 16777215

script end.

0
-1 -1 -1 -1

0
0
16777215 16777215

script end.

0
-1 -1 -1 -1

0
0
16777215 16777215

script end.

0
-1 -1 -1 -1

0
0
16777215 16777215

script end.

0
-1 -1 -1 -1

0
0
16777215 16777215

script end.

0
-1 -1 -1 -1

0
0
16777215 16777215

script end.

0
-1 -1 -1 -1

0
0
16777215 16777215

script end.

0
-1 -1 -1 -1

0
0
16777215 16777215

script end.

0
-1 -1 -1 -1

0
0
16777215 16777215

script end.

0
-1 -1 -1 -1

0
0
16777215 16777215

script end.

0
-1 -1 -1 -1

0
0
16777215 16777215

script end.

0
-1 -1 -1 -1

0
0
16777215 16777215

script end.

0
-1 -1 -1 -1

0
0
16777215 16777215

script end.

0
-1 -1 -1 -1

0
0
16777215 16777215

script end.

0
-1 -1 -1 -1

0
0
16777215 16777215

script end.

0
-1 -1 -1 -1

0
0
16777215 16777215

script end.

0
-1 -1 -1 -1

0
0
16777215 16777215

script end.

0
-1 -1 -1 -1

0
0
16777215 16777215

script end.

0
-1 -1 -1 -1

0
0
16777215 16777215

script end.

0
-1 -1 -1 -1

0
0
16777215 16777215

script end.

0
-1 -1 -1 -1

0
0
16777215 16777215

script end.

0
-1 -1 -1 -1

0
0
16777215 16777215

script end.

0
-1 -1 -1 -1

0
0
16777215 16777215

script end.

0
-1 -1 -1 -1

0
0
16777215 16777215

script end.

0
-1 -1 -1 -1

0
0
16777215 16777215

script end.

0
-1 -1 -1 -1

0
0
16777215 16777215

script end.

0
-1 -1 -1 -1

0
0
16777215 16777215

script end.

0
-1 -1 -1 -1

0
0
16777215 16777215

script end.

0
-1 -1 -1 -1

0
0
16777215 16777215

script end.

0
-1 -1 -1 -1

0
0
16777215 16777215

script end.

0
-1 -1 -1 -1

0
0
16777215 16777215

script end.

0
-1 -1 -1 -1

0
0
16777215 16777215

script end.

0
-1 -1 -1 -1

0
0
16777215 16777215

script end.

0
-1 -1 -1 -1

0
0
16777215 16777215

script end.

0
-1 -1 -1 -1

0
0
16777215 16777215

script end.

0
-1 -1 -1 -1

0
0
16777215 16777215

script end.

0
-1 -1 -1 -1

0
0
16777215 16777215

script end.

0
-1 -1 -1 -1

0
0
16777215 16777215

script end.

0
-1 -1 -1 -1

0
0
16777215 16777215

script end.

0
-1 -1 -1 -1

0
0
16777215 16777215

script end.

0
-1 -1 -1 -1

0
0
16777215 16777215

script end.

0
-1 -1 -1 -1

0
0
16777215 16777215

script end.

0
-1 -1 -1 -1

0
0
16777215 16777215

script end.

0
-1 -1 -1 -1

0
0
16777215 16777215

script end.

0
-1 -1 -1 -1

0
0
16777215 16777215

script end.

0
-1 -1 -1 -1

0
0
16777215 16777215

script end.

0
-1 -1 -1 -1

0
0
16777215 16777215

script end.

0
-1 -1 -1 -1

0
0
16777215 16777215

script end.

0
-1 -1 -1 -1

0
0
16777215 16777215

script end.

0
-1 -1 -1 -1

0
0
16777215 16777215

script end.

0
-1 -1 -1 -1

0
0
16777215 16777215

script end.

0
-1 -1 -1 -1

0
0
16777215 16777215

script end.

0
-1 -1 -1 -1

0
0
16777215 16777215

script end.

0
-1 -1 -1 -1

0
0
16777215 16777215

script end.

0
-1 -1 -1 -1

0
0
16777215 16777215

script end.

0
-1 -1 -1 -1

0
0
16777215 16777215

script end.

0
-1 -1 -1 -1

0
0
16777215 16777215

script end.

0
-1 -1 -1 -1

0
0
16777215 16777215

script end.

0
-1 -1 -1 -1

0
0
16777215 16777215

script end.

0
-1 -1 -1 -1

0
0
16777215 16777215

script end.

0
-1 -1 -1 -1

0
0
16777215 16777215

script end.

0
-1 -1 -1 -1

0
0
16777215 16777215

script end.

0
-1 -1 -1 -1

0
0
16777215 16777215

script end.

0
-1 -1 -1 -1

0
0
16777215 16777215

script end.

0
-1 -1 -1 -1

0
0
16777215 16777215

script end.

0
-1 -1 -1 -1

0
0
16777215 16777215

script end.

0
-1 -1 -1 -1

0
0
16777215 16777215

script end.

0
-1 -1 -1 -1

0
0
16777215 16777215

script end.

0
-1 -1 -1 -1

0
0
16777215 16777215

script end.

0
-1 -1 -1 -1

0
0
16777215 16777215

script end.

0
-1 -1 -1 -1

0
0
16777215 16777215

script end.

0
-1 -1 -1 -1

0
0
16777215 16777215

script end.

0
-1 -1 -1 -1

0
0
16777215 16777215

script end.

0
-1 -1 -1 -1

0
0
16777215 16777215

script end.

0
-1 -1 -1 -1

0
0
16777215 16777215

script end.

0
-1 -1 -1 -1

128
1 1 0 0 1 0 0 0 0 0 0 0 0 0 0 0 0 0 0 0 0 0 0 0 0 0 0 0 0 0 0 0 0 0 0 0 0 0 0 0 0 0 0 0 0 0 0 0 0 0 0 0 0 0 0 0 0 0 0 0 0 0 0 0 0 0 0 0 0 0 0 0 0 0 0 0 0 0 0 0 0 0 0 0 0 0 0 0 0 0 0 0 0 0 0 0 0 0 0 0 0 0 0 0 0 0 0 0 0 0 0 0 0 0 0 0 0 0 0 0 0 0 0 0 0 0 0 0 
5
0 0 0
1 -1 3
1 0 1
1 1 2
2 0 4

4
